#Nsp
1
# r phase
1
# rinit
0.35
# k phase
2
# Kinit
5e+05
# z phase
-3
# Z init
1.00005
# theta phase
-3
# Theta init
0.1
# fyear
1
# lyear
50
# catches
7630.42249216975
10691.4889632246
9842.0321592215
14735.0349594322
26865.6467562462
29038.5264686397
21393.0922861478
24709.0417790777
21035.8263636532
33579.9175926726
23743.4773111636
39254.7670768521
58038.8084894564
29154.5822105479
34876.1439516199
47579.8544714893
29964.8710060091
18655.7497834877
11064.0795595587
24918.0029327512
16479.5272491277
15893.8133573565
21120.8267975181
41863.924876031
39357.1049370733
50560.4083551444
92457.8014764148
89672.7348508385
52295.6171618512
36887.8512775497
19992.4011950971
25020.9331292328
26314.0366913018
25683.3841562257
30445.4117478033
30611.4223478845
34689.5882245212
42188.9370368423
31887.6868753759
34774.5577941291
35702.0362872966
36014.5074089998
36551.3506817741
34258.8450783795
34979.7907917143
35882.9327427034
35108.2355959778
36907.7530892292
36491.6324926564
37690.6347378481
# nbio
50
# nsurvey
3
# obs bio
1 1 33120.0979733061
2 1 49718.8073848728
3 1 67882.4579329654
4 1 85130.5354420653
5 1 100746.119340718
6 1 114906.200929241
7 1 129031.407765547
8 1 140342.621295929
9 1 151495.664135227
10 1 159103.062824598
11 1 161349.661786622
12 1 158358.100164762
13 1 152695.02152389
14 1 148892.129710147
15 1 144449.819668363
16 1 137870.178072442
17 1 136336.239578295
18 1 137604.178602476
19 1 143180.579909507
20 1 145065.975940515
21 1 147016.145597878
22 1 150305.112821677
23 1 151871.767037524
24 1 149611.174877557
25 1 147821.973379403
26 1 143890.971408269
27 1 132770.014530054
28 1 120332.023440386
29 1 117172.507462898
30 1 119057.315790262
31 1 126136.596083464
32 1 130380.567311514
33 1 139124.641042108
34 1 141266.884831349
35 1 145879.091682454
36 1 148657.737006057
37 1 153250.58819545
38 1 152646.55476028
39 1 153860.319077093
40 1 156233.122931406
41 1 157007.508325842
42 1 152234.731337189
43 1 148802.89628718
44 1 148426.64992426
45 1 144761.703476075
46 1 142450.170799848
47 1 141632.988476672
48 1 137680.449938974
49 1 135577.997131746
50 1 131134.269938644
