#Nsp
1
# r phase
1
# rinit
0.2
# k phase
2
# Kinit
8e+05
# z phase
-3
# Z init
1.00005
# theta phase
-3
# Theta init
0.15
# fyear
1
# lyear
50
# catches
76732.7997300116
64379.2896471994
60470.8913913876
52986.9891702684
47391.6691589865
46489.0670413156
56102.0048909292
49991.1862512069
49251.9416109255
49023.9643659347
54631.2937756984
58569.4298152758
55633.4340054317
58933.5385295928
66638.9928161619
73432.442979862
71212.0387821408
68829.9915933858
71709.3045568303
74099.9136301188
66331.4651686141
65715.3834549259
61854.1724184325
61536.6306854308
56662.2024536897
50695.5558251759
53312.3007551771
56314.8309629356
57779.8680244779
59219.9641619034
38931.3587831758
55782.4064677336
53002.9204300293
46441.6286916162
51229.4695889594
50993.9506246461
48981.3518625397
52182.7614636914
46979.163403698
45378.8602954089
46465.4077314321
48449.569703492
50137.7565952317
50828.538455759
51681.6777359552
52449.6668405374
53117.2052397489
53068.7539736437
53045.8306464409
52922.6959790382
# nbio
50
# nsurvey
3
# obs bio
1 1 52339.4668980435
2 1 55156.1865760554
3 1 56318.2777151808
4 1 57914.0960563205
5 1 59359.7691507698
6 1 60278.1909831461
7 1 59013.9539465415
8 1 59235.5753567222
9 1 59543.5146661087
10 1 59641.8536477265
11 1 58914.8965504463
12 1 57691.1492225723
13 1 56469.3728431196
14 1 57725.6518955752
15 1 57085.1105111054
16 1 54706.0388185501
17 1 53204.5965221784
18 1 52374.756074817
19 1 50361.3645447979
20 1 47849.2777620585
21 1 46898.1563001212
22 1 45584.6655134057
23 1 44602.8545847114
24 1 43097.2421275476
25 1 42611.4458522347
26 1 43068.3083427785
27 1 42278.2536401845
28 1 41215.4638241026
29 1 39755.1349904973
30 1 38417.5839627054
31 1 43258.5158615946
32 1 43359.949057779
33 1 43333.9956396342
34 1 44517.325053352
35 1 44565.1500884891
36 1 44376.2396500401
37 1 44671.6094392394
38 1 44538.1093764967
39 1 45471.5450153516
40 1 46536.7843063078
41 1 47933.1664130979
42 1 48466.0863000997
43 1 48804.2319185878
44 1 49046.3070220275
45 1 49247.7021328801
46 1 49363.9340225807
47 1 49456.6508512634
48 1 49424.4983887845
49 1 49324.3898513952
50 1 49009.4566990773
