#Nsp
1
# r phase
1
# rinit
0.05
# k phase
2
# Kinit
8e+05
# z phase
-3
# Z init
1.00005
# theta phase
-3
# Theta init
0.35
# fyear
1
# lyear
50
# catches
921.875485068061
913.214717670885
958.298330557785
930.797497202064
965.289544119246
1122.50353549113
1625.49956216909
1663.28189574535
2995.75219457803
2742.79273067421
3681.78920630272
4239.38018313054
2735.18548830383
2783.41267126923
4834.87689883627
4905.41601053618
4339.12931884356
4775.57695147047
7482.88818356005
8956.77961503371
9732.48271416588
9901.50528973123
10247.9102721197
11448.9827485984
11231.4134159617
10499.6340864537
11347.27532021
12284.2976997222
11638.864690952
11485.9597167016
8198.56143384884
13670.4893673446
13722.3086595739
13324.7284519121
14374.1481774721
14545.7359331398
14362.0182211511
14171.0471639176
12955.1741142236
12728.1867670797
12706.7463937711
12831.2338304867
12971.7489920109
13120.6685461828
13240.7351731577
13371.2101479219
13527.0337128497
13677.7517477067
13828.1363191503
14016.4599399512
# nbio
50
# nsurvey
3
# obs bio
1 1 7.73295488926674e-06
2 1 7.851099310359e-06
3 1 8.11127857335379e-06
4 1 8.41509947928998e-06
5 1 8.75810527165115e-06
6 1 9.16562156026079e-06
7 1 9.64417593580711e-06
8 1 1.01330836051339e-05
9 1 1.05454761813276e-05
10 1 1.0972945258621e-05
11 1 1.13579612311243e-05
12 1 1.17208362535478e-05
13 1 1.21983971650508e-05
14 1 1.25834485038257e-05
15 1 1.28231898363921e-05
16 1 1.30905060300994e-05
17 1 1.34302133049343e-05
18 1 1.37467129493115e-05
19 1 1.39000659624192e-05
20 1 1.39859452416696e-05
21 1 1.40217898916198e-05
22 1 1.40592720213289e-05
23 1 1.40769687057663e-05
24 1 1.40228189808965e-05
25 1 1.3975761969344e-05
26 1 1.39699380371921e-05
27 1 1.39185869740154e-05
28 1 1.38270303055964e-05
29 1 1.37936855813235e-05
30 1 1.37963213326991e-05
31 1 1.39442021633375e-05
32 1 1.3836563472458e-05
33 1 1.37288850869591e-05
34 1 1.3630219429203e-05
35 1 1.34888518217438e-05
36 1 1.33407547621415e-05
37 1 1.31860962294049e-05
38 1 1.30522422551086e-05
39 1 1.29760867456568e-05
40 1 1.29114481290117e-05
41 1 1.28493107559892e-05
42 1 1.27958309279516e-05
43 1 1.2743713866877e-05
44 1 1.26995091058111e-05
45 1 1.26567378149765e-05
46 1 1.26224394781443e-05
47 1 1.25872165394706e-05
48 1 1.25583432713269e-05
49 1 1.25280270834471e-05
50 1 1.25006584821896e-05
